row column treatment yield
1   1	   B	     253
2   1	   D	     255
3   1	   E	     190
4   1	   A	     203
5   1	   C	     230
1   2	   E	     226
2   2	   A	     293
3   2	   B	     260
4   2	   C	     204
5   2	   D	     270
1   3	   A	     285
2   3	   E	     265
3   3	   C	     298
4   3	   D	     237
5   3	   B	     275
1   4	   C	     283
2   4	   B	     290
3   4	   D	     254
4   4	   E	     193
5   4	   A	     333
1   5	   D	     188
2   5	   C	     260
3   5	   A	     248
4   5	   B	     249
5   5	   E	     327