       1       1   43.06
       1       1   30.12
       1       1   50.22
       1       1   62.24
       1       1   39.38
       1       1   48.46
       1       1   60.47
       1       1   44.04
       1       1   62.18
       1       1   71.75
       1       1   55.31
       1       1   40.54
       1       1   48.69
       1       1   57.69
       1       1   38.43
       1       1   44.15
       1       1   68.84
       1       1   56.64
       1       1   51.93
       1       1   71.91
       1       1   52.25
       1       1   56.61
       1       1   52.31
       1       1   17.04
       1       1   27.36
       1       1   30.80
       1       1   13.59
       1       2    1.63
       1       2   13.84
       1       2   53.07
       1       2   45.63
       1       2   12.30
       1       2   12.45
       1       2   45.00
       1       2   15.74
       1       2   41.45
       1       2   18.16
       1       2   11.58
       1       2   34.84
       1       2   53.36
       1       2   51.74
       1       2   13.07
       1       2   24.99
       1       2   24.92
       1       2   51.58
       1       2   42.81
       1       2   38.15
       1       2   57.45
       1       2   60.44
       1       2    5.11
       1       2   67.97
       1       2   57.42
       1       2   53.90
       1       2   71.49
       1       3   77.07
       1       3   38.51
       1       3   65.68
       1       3   59.15
       1       3   64.60
       1       3  115.93
       1       3   89.63
       1       3   83.32
       1       3   53.80
       1       3   74.45
       1       3   76.45
       1       3   89.13
       1       3   61.25
       1       3   65.51
       1       3   83.08
       1       3   97.15
       1       3   46.18
       1       3   17.01
       1       3  109.16
       1       3   53.03
       1       3   73.90
       1       3   65.35
       1       3   76.72
       1       3   79.56
       1       3   77.11
       1       3   76.29
       1       3   80.38
       2       4  121.32
       2       4   94.12
       2       4  106.98
       2       4  124.67
       2       4  116.80
       2       4   95.03
       2       4  115.39
       2       4  111.41
       2       4  119.88
       2       4  110.22
       2       4  101.26
       2       4  114.67
       2       4  117.60
       2       4  119.24
       2       4  107.44
       2       4  117.87
       2       4  116.86
       2       4  114.24
       2       4  109.83
       2       4   96.80
       2       4  100.47
       2       4  108.78
       2       4  112.07
       2       4  104.71
       2       4  106.54
       2       4  107.15
       2       4  104.10
       2       5  114.23
       2       5   93.84
       2       5  115.59
       2       5   87.89
       2       5   89.46
       2       5   96.10
       2       5   90.14
       2       5   94.46
       2       5   91.74
       2       5  107.25
       2       5  114.61
       2       5   97.30
       2       5  110.53
       2       5  104.35
       2       5   98.87
       2       5  115.49
       2       5  110.35
       2       5  116.75
       2       5   96.84
       2       5   78.96
       2       5   89.97
       2       5   98.88
       2       5  102.93
       2       5  118.75
       2       5  113.50
       2       5  111.75
       2       5  120.50
       2       6  129.68
       2       6   95.58
       2       6  104.94
       2       6  113.43
       2       6   94.57
       2       6   71.03
       2       6   90.92
       2       6  131.75
       2       6   84.89
       2       6  105.75
       2       6  101.87
       2       6  123.86
       2       6  112.31
       2       6  121.63
       2       6   87.51
       2       6  108.66
       2       6  111.93
       2       6   82.66
       2       6  118.45
       2       6  107.50
       2       6  108.70
       2       6   95.18
       2       6   89.45
       2       6  120.52
       2       6  115.71
       2       6  114.11
       2       6  122.12
       3       7   95.99
       3       7   96.98
       3       7  126.00
       3       7  142.36
       3       7  105.94
       3       7  150.55
       3       7  139.23
       3       7  136.12
       3       7  139.49
       3       7  112.95
       3       7  116.18
       3       7  102.34
       3       7  139.19
       3       7  126.57
       3       7  158.74
       3       7  136.94
       3       7  134.87
       3       7  129.48
       3       7  128.65
       3       7  133.30
       3       7  143.09
       3       7  138.49
       3       7  132.34
       3       7  127.78
       3       7  128.12
       3       7  128.24
       3       7  127.67
       3       8  134.50
       3       8  130.65
       3       8  131.28
       3       8  159.33
       3       8  133.02
       3       8  122.44
       3       8  140.92
       3       8  138.03
       3       8  144.56
       3       8  116.73
       3       8  127.73
       3       8  143.55
       3       8  156.00
       3       8  128.21
       3       8  130.67
       3       8  134.32
       3       8  129.73
       3       8  152.81
       3       8  149.18
       3       8  136.99
       3       8  119.80
       3       8  137.88
       3       8  138.91
       3       8  142.70
       3       8  140.87
       3       8  140.26
       3       8  143.31
       3       9  204.83
       3       9  187.67
       3       9  214.88
       3       9  191.33
       3       9  191.93
       3       9  184.82
       3       9  181.54
       3       9  201.80
       3       9  217.55
       3       9  201.78
       3       9  187.39
       3       9  190.97
       3       9  195.78
       3       9  204.62
       3       9  193.29
       3       9  178.32
       3       9  200.58
       3       9  211.62
       3       9  197.28
       3       9  194.60
       3       9  185.32
       3       9  206.76
       3       9  200.91
       3       9  161.50
       3       9  171.77
       3       9  175.19
       3       9  158.08